60 57
59 1 60
12 3 2 1 11
58 1 59
13 3 2 3 12
57 1 58
14 3 3 4 13
56 1 57
15 3 4 5 14
16 3 5 6 15
17 3 6 7 16
18 3 7 8 17
19 6 8 9 18 20 30 29
22 3 11 12 21
50 1 60
23 3 12 13 22
40 1 50
30 1 40
20 1 30
10 2 20 9
24 3 13 14 23
25 3 14 15 24
26 3 15 16 25
27 3 16 17 26
28 6 17 18 27 29 38 39
11 1 1
29 3 30 39 40
21 1 11
32 3 21 22 31
31 1 21
33 3 22 23 32
34 3 23 24 33
35 3 24 25 34
36 3 25 26 35
41 1 31
51 1 41
37 6 26 27 36 38 47 48
38 3 39 48 49
39 3 40 49 50
2 1 1
3 1 2
4 1 3
5 1 4
6 1 5
7 1 6
8 1 9
42 3 31 32 41
43 3 32 33 42
44 3 33 34 43
45 3 34 35 44
46 6 35 36 45 47 56 57
47 3 48 57 58
48 3 49 58 59
49 3 50 59 60
52 3 42 41 51
53 3 43 42 52
54 3 43 44 53
55 4 44 45 54 56
